20 25
1 1 1 1 1 1 1 1 1 1 1 1 1 1 1 1 1 1 1 1 1 1 1 1 1
1 5 0 0 1 4 0 0 0 0 1 0 0 0 0 0 0 0 0 0 0 0 0 0 1
1 0 1 0 1 1 1 1 1 0 1 0 1 1 1 1 1 1 1 0 1 1 1 0 1
1 0 1 0 0 0 0 0 1 0 1 0 0 0 1 0 0 0 0 0 1 0 0 0 1
1 0 1 1 1 1 1 0 1 0 1 1 1 0 1 1 1 0 1 1 1 1 1 0 1
1 0 1 0 0 0 0 0 1 0 0 0 1 0 1 0 0 0 1 0 0 0 1 0 1
1 0 1 1 1 1 1 1 1 0 1 0 1 0 1 0 1 1 1 1 1 0 1 1 1
1 0 1 0 0 0 0 0 1 0 1 0 1 0 1 0 1 0 0 0 0 0 0 0 1
1 0 1 0 1 1 1 0 1 0 1 0 1 0 1 0 1 1 1 1 1 0 1 0 1
1 0 0 0 1 0 1 0 1 0 1 3 1 0 1 0 1 0 0 0 0 0 1 0 1
1 1 1 1 1 0 1 0 1 1 1 0 1 0 1 0 1 0 1 1 1 1 1 0 1
1 0 0 0 1 0 0 0 1 0 0 0 1 0 1 0 1 0 0 0 1 0 1 0 1
1 0 1 0 1 1 1 0 1 0 1 1 1 0 1 0 1 1 1 0 1 0 1 0 1
1 0 1 0 0 0 0 0 1 0 0 0 0 0 1 0 0 0 1 0 1 0 0 0 1
1 0 1 1 1 1 1 1 1 0 1 1 1 1 1 1 1 0 1 0 1 1 1 0 1
1 0 0 0 0 0 0 0 0 0 1 0 0 0 0 0 0 0 1 0 1 0 0 0 1
1 1 1 1 1 1 1 0 1 1 1 0 1 1 1 1 1 1 1 0 1 0 1 1 1
1 0 0 0 0 0 0 0 1 0 0 0 0 0 1 0 1 0 0 0 1 0 1 0 2
1 0 1 1 1 0 1 1 0 0 1 1 1 0 0 0 0 0 1 0 1 0 0 0 1
1 1 1 1 1 1 1 1 1 1 1 1 1 1 1 1 1 1 1 1 1 1 1 1 1
%
20 20
0 1 0 0 0 0 0 1 3 1 0 0 0 0 0 1 0 0 0 1
0 1 0 1 1 1 0 1 0 1 0 1 0 1 0 1 0 1 0 1
0 1 0 1 4 0 0 0 0 1 0 1 0 1 0 0 0 1 0 1
0 1 0 1 1 1 1 1 1 1 0 1 0 1 1 1 1 1 1 1
0 1 0 1 0 0 0 0 0 0 0 1 0 0 0 0 0 0 0 1
0 1 0 1 0 1 1 1 1 1 1 1 1 1 1 1 1 1 0 1
0 1 0 0 0 0 0 0 0 0 0 1 0 0 0 0 0 0 0 1
0 1 1 1 1 1 1 1 1 1 0 1 0 1 1 1 1 1 0 1
0 0 0 1 0 1 0 0 0 1 0 1 0 1 5 1 0 0 0 1
1 1 0 1 0 1 0 1 0 1 0 1 0 1 0 1 0 1 1 1
0 1 0 1 0 0 0 1 0 0 0 1 0 1 0 0 0 1 2 1
0 1 0 1 0 1 1 1 1 1 1 1 0 1 0 1 1 1 0 1
0 1 0 1 0 0 0 0 0 0 0 1 0 1 0 0 0 0 0 1
0 1 0 1 1 1 1 1 1 1 0 1 0 1 1 1 1 1 0 1
0 0 0 1 0 0 0 0 0 1 0 1 0 0 0 0 0 1 0 1
0 1 1 1 0 1 1 1 0 1 0 1 1 1 1 1 0 1 1 1
0 0 0 0 0 1 0 0 0 1 0 1 0 0 0 1 0 0 0 1
1 1 1 1 1 1 0 1 1 1 1 1 0 1 0 1 1 1 0 1
0 0 0 0 0 0 0 0 0 0 0 0 0 1 0 0 0 0 0 1
1 1 1 1 1 1 1 1 1 1 1 1 1 1 1 1 1 1 1 1
%
22 22
0 1 0 0 0 1 0 0 0 0 0 1 2 0 0 0 0 1 0 0 0 1
0 1 0 1 0 1 0 1 0 1 0 1 1 1 0 1 0 1 0 1 0 1
0 1 0 1 0 1 0 1 0 1 0 0 0 0 0 1 0 0 0 1 0 1
0 1 0 1 0 1 0 1 0 1 1 1 1 1 1 1 1 1 1 1 0 1
0 0 0 1 0 1 0 1 0 1 0 0 0 1 0 0 0 0 0 1 0 1
1 1 1 1 0 1 0 1 0 1 0 1 1 1 0 1 1 1 0 1 0 1
0 0 0 1 0 1 0 1 0 1 0 0 0 0 0 1 0 0 0 1 0 1
0 1 1 1 0 1 0 1 0 1 1 1 1 1 0 1 0 1 1 1 0 1
0 0 0 0 0 1 0 1 0 1 0 0 0 1 0 1 0 0 0 0 0 1
0 1 1 1 1 1 0 1 0 1 0 1 0 1 0 1 1 1 1 1 1 1
0 1 0 0 0 0 0 1 0 1 0 1 0 1 0 0 0 0 0 0 0 1
0 1 1 1 1 1 1 1 0 1 0 1 0 1 1 1 1 1 1 1 0 1
0 0 0 0 0 0 0 1 0 0 0 1 0 0 0 0 0 0 0 1 0 1
1 1 1 1 1 1 0 1 1 1 1 1 1 1 0 1 1 1 0 1 0 1
0 0 0 0 0 1 0 1 0 0 0 0 0 1 0 0 0 1 0 1 3 1
0 1 1 1 0 1 0 1 0 1 1 1 0 1 1 1 1 1 0 1 1 1
0 1 0 0 0 1 0 0 0 1 4 1 0 0 0 0 0 1 0 0 0 1
0 1 1 1 0 1 1 1 1 1 0 1 1 1 1 1 0 1 0 1 0 1
0 0 0 1 0 0 0 1 0 0 0 0 0 0 0 1 0 1 0 1 0 1
0 1 0 1 1 1 1 1 0 1 1 1 0 1 1 1 0 1 1 1 0 1
0 1 0 0 0 0 0 0 0 0 5 1 0 0 0 0 0 0 0 0 0 1
1 1 1 1 1 1 1 1 1 1 1 1 1 1 1 1 1 1 1 1 1 1
%
19 19
4 0 0 0 0 1 0 0 0 0 0 0 0 1 0 0 0 0 0
1 1 1 1 0 1 0 1 1 1 1 1 0 1 0 1 1 1 1
0 1 0 0 0 1 0 0 0 0 0 1 0 1 0 0 0 0 0
0 1 0 1 1 1 1 1 1 1 0 1 0 1 1 1 1 1 0
0 1 0 0 0 0 0 1 0 0 0 1 0 0 0 0 0 1 0
0 1 1 1 1 1 0 1 0 1 1 1 1 1 1 1 0 1 0
0 0 0 0 0 1 0 1 0 1 0 0 0 0 0 1 0 1 0
0 1 1 1 0 1 0 1 0 1 1 1 0 1 0 1 0 1 0
0 0 0 1 0 0 0 1 0 0 0 1 0 1 0 1 0 0 0
1 1 0 1 1 1 1 1 0 1 0 1 0 1 0 1 1 1 0
0 1 0 1 0 0 0 1 0 1 0 1 0 1 0 1 0 1 0
0 1 0 1 0 1 1 1 0 1 0 1 0 1 0 1 0 1 0
0 0 0 1 0 0 0 0 0 1 0 1 0 1 0 0 0 1 0
0 1 1 1 0 1 1 1 1 1 0 1 0 1 1 1 1 1 0
0 0 0 1 0 0 0 0 0 1 0 1 0 0 0 0 0 0 0
1 1 0 1 1 1 1 1 1 1 0 1 0 1 1 1 1 1 1
2 1 0 0 0 0 0 1 0 0 0 1 0 0 0 1 0 0 0
0 1 1 1 1 1 0 1 0 1 1 1 1 1 0 1 0 1 0
0 0 0 0 0 0 0 0 0 1 5 0 0 0 0 0 0 1 3
%
25 25
0 0 0 0 0 0 0 0 0 1 2 0 0 0 0 0 0 0 0 1 0 0 0 0 0
1 1 1 1 1 1 1 1 0 1 1 1 1 1 0 1 1 1 0 1 0 1 0 1 0
0 0 0 0 0 0 0 1 0 1 0 0 0 0 0 1 0 1 0 1 5 1 0 1 0
1 1 0 1 1 1 1 1 0 1 0 1 1 1 1 1 0 1 0 1 1 1 0 1 0
0 0 0 1 0 0 0 0 0 1 0 0 0 1 0 0 0 1 0 1 0 0 0 1 0
0 1 1 1 0 1 1 1 1 1 0 1 0 1 1 1 0 1 0 1 0 1 1 1 0
0 0 0 1 0 0 0 0 0 1 0 1 0 0 0 1 0 0 0 1 0 1 3 0 0
1 1 0 1 1 1 1 1 0 1 0 1 1 1 0 1 0 1 1 1 0 1 1 1 0
0 0 0 0 0 1 0 0 0 1 0 0 0 1 0 1 0 0 0 1 0 0 0 1 0
0 1 1 1 0 1 0 1 1 1 1 1 1 1 0 1 1 1 0 1 1 1 0 1 0
0 0 0 1 0 1 0 1 0 0 0 0 0 0 0 1 4 1 0 1 0 0 0 1 0
1 1 0 1 0 1 0 1 0 1 1 1 1 1 1 1 0 1 0 1 0 1 1 1 0
0 0 0 1 0 1 0 1 0 1 0 0 0 0 0 0 0 1 0 0 0 1 0 1 0
0 1 1 1 1 1 0 1 0 1 1 1 0 1 1 1 0 1 1 1 1 1 0 1 0
0 0 0 0 0 0 0 1 0 0 0 1 0 1 0 0 0 0 0 0 0 1 0 0 0
0 1 1 1 1 1 1 1 1 1 0 1 1 1 0 1 1 1 1 1 1 1 0 1 1
0 0 0 1 0 0 0 0 0 0 0 1 0 0 0 1 0 0 0 0 0 0 0 1 0
1 1 0 1 1 1 1 1 0 1 1 1 0 1 0 1 0 1 1 1 1 1 1 1 0
0 1 0 0 0 0 0 0 0 1 0 0 0 1 0 1 0 0 0 0 0 0 0 1 0
0 1 1 1 1 1 1 1 1 1 0 1 1 1 1 1 1 1 1 1 1 1 0 1 0
0 0 0 1 0 0 0 0 0 0 0 0 0 0 0 0 0 1 0 0 0 1 0 1 0
0 1 1 1 0 1 1 1 1 1 1 1 1 1 0 1 0 1 0 1 1 1 0 1 0
0 0 0 0 0 1 0 0 0 0 0 0 0 1 0 1 0 0 0 1 0 0 0 1 0
0 1 1 1 1 1 1 1 0 1 1 1 0 1 0 1 1 1 1 1 0 1 1 1 0
0 0 0 0 0 0 0 0 0 1 0 0 0 1 0 0 0 0 0 0 0 0 0 0 0
%
17 17
0 0 0 0 0 1 4 0 0 0 0 0 0 0 0 0 0
1 1 1 1 0 1 1 1 1 1 1 1 0 1 1 1 0
0 0 0 0 0 1 0 0 0 0 0 1 0 0 0 1 0
0 1 1 1 1 1 0 1 1 1 0 1 1 1 1 1 0
0 0 0 0 0 1 0 1 2 1 0 0 0 0 0 0 0
1 1 1 1 0 1 0 1 0 1 1 1 1 1 1 1 0
0 0 0 0 0 1 0 1 0 0 0 0 0 1 0 0 0
0 1 1 1 1 1 0 1 0 1 0 1 1 1 0 1 1
0 0 0 0 0 0 0 1 0 1 0 0 0 0 0 1 0
1 1 1 1 1 1 1 1 0 1 1 1 1 1 1 1 0
0 0 0 1 0 0 0 0 0 1 0 0 0 1 0 0 0
0 1 0 1 0 1 1 1 1 1 0 1 0 1 0 1 0
0 1 0 0 0 1 0 0 0 0 0 1 0 1 0 1 0
0 1 1 1 1 1 1 1 0 1 1 1 0 1 0 1 0
0 0 0 1 0 0 0 1 0 1 3 1 0 0 0 1 0
1 1 0 1 0 1 0 1 0 1 0 1 1 1 1 1 0
5 0 0 0 0 1 0 0 0 1 0 0 0 0 0 0 0
%
22 22
0 1 0 0 0 0 0 0 0 0 0 0 0 0 0 0 0 0 0 0 0 1
0 1 1 1 0 1 1 1 1 1 0 1 1 1 1 1 1 1 1 1 0 1
0 0 0 1 0 1 0 0 0 0 0 1 0 0 0 0 0 1 0 0 0 1
1 1 0 1 1 1 0 1 1 1 1 1 0 1 0 1 0 1 0 1 1 1
0 0 0 1 0 0 0 1 0 0 0 0 0 1 0 1 0 1 0 1 4 1
0 1 1 1 0 1 1 1 0 1 1 1 1 1 0 1 0 1 0 1 0 1
0 0 0 0 0 1 2 1 0 0 0 1 0 0 0 1 0 1 0 1 0 1
1 1 1 1 1 1 0 1 0 1 1 1 0 1 1 1 0 1 0 1 0 1
0 0 0 1 0 0 0 1 0 1 0 0 0 1 0 0 0 1 0 0 0 1
0 1 0 1 0 1 0 1 0 1 0 1 1 1 0 1 1 1 1 1 0 1
0 1 0 0 0 1 0 1 0 1 0 1 0 0 0 0 0 1 0 0 0 1
0 1 1 1 1 1 0 1 0 1 0 1 1 1 1 1 1 1 0 1 1 1
0 1 0 0 0 0 0 1 0 1 0 0 0 0 0 0 0 1 0 0 0 1
0 1 0 1 1 1 1 1 0 1 1 1 1 1 1 1 0 1 1 1 0 1
0 1 0 1 0 0 0 1 0 1 0 1 0 0 0 0 0 1 0 0 0 1
0 1 1 1 0 1 0 1 0 1 0 1 0 1 1 1 1 1 0 1 1 1
0 0 0 0 0 1 0 1 0 1 0 1 0 1 0 0 0 0 0 1 3 1
1 1 1 1 1 1 0 1 0 1 0 1 0 1 0 1 1 1 1 1 0 1
0 0 0 0 0 0 0 1 0 0 0 1 0 0 0 1 5 0 0 0 0 1
0 1 1 1 1 1 1 1 1 1 0 1 1 1 1 1 1 1 0 1 0 1
0 0 0 0 0 0 0 0 0 0 0 0 0 0 0 0 0 0 0 1 0 1
1 1 1 1 1 1 1 1 1 1 1 1 1 1 1 1 1 1 1 1 1 1
%
16 16
0 0 0 0 0 1 0 0 0 1 0 0 0 0 0 1
1 1 1 1 0 1 0 1 0 1 0 1 1 1 1 1
0 0 0 0 0 1 0 1 0 0 0 1 0 0 0 1
0 1 1 1 1 1 0 1 1 1 1 1 0 1 0 1
0 1 0 0 0 0 0 0 0 0 0 0 0 1 0 1
0 1 1 1 1 1 0 1 1 1 1 1 0 1 0 1
0 0 0 0 0 1 0 1 0 0 0 1 3 1 0 1
1 1 1 1 0 1 0 1 0 1 0 1 1 1 0 1
0 0 0 1 0 1 0 1 0 1 0 0 0 0 0 1
0 1 0 1 0 1 1 1 0 1 1 1 1 1 0 1
0 1 0 1 0 0 0 0 0 1 0 0 5 1 0 1
0 1 0 1 1 1 1 1 1 1 0 1 1 1 0 1
0 1 0 0 0 0 4 1 0 0 0 0 0 1 0 1
0 1 1 1 0 1 1 1 0 1 1 1 0 1 0 1
0 0 2 1 0 0 0 0 0 0 0 1 0 0 0 1
1 1 1 1 1 1 1 1 1 1 1 1 1 1 1 1
%
21 21
0 0 0 1 0 0 0 1 0 0 0 0 0 0 0 0 0 0 0 0 0
1 1 0 1 0 1 1 1 0 1 0 1 1 1 1 1 1 1 1 1 0
0 0 0 1 0 0 0 1 0 1 0 1 0 1 0 0 0 0 0 0 0
0 1 1 1 1 1 0 1 0 1 0 1 0 1 0 1 1 1 1 1 1
0 1 0 0 0 0 0 1 0 1 0 1 0 1 0 0 0 1 4 0 0
0 1 0 1 1 1 1 1 0 1 0 1 0 1 1 1 0 1 1 1 0
0 1 0 1 0 0 0 0 0 1 0 1 0 0 0 1 0 0 0 0 0
0 1 0 1 0 1 1 1 1 1 0 1 0 1 0 1 1 1 1 1 0
0 1 0 0 0 1 0 0 0 1 0 1 0 1 0 0 0 1 0 0 0
0 1 1 1 0 1 1 1 0 1 0 1 1 1 0 1 0 1 0 1 1
0 0 0 1 0 1 0 0 0 1 0 1 0 0 0 1 0 1 0 1 0
1 1 0 1 0 1 0 1 0 1 0 1 0 1 1 1 0 1 0 1 0
0 1 0 1 0 1 0 1 0 1 0 1 0 0 0 1 5 1 0 1 0
0 1 0 1 0 1 0 1 0 1 0 1 0 1 0 1 1 1 0 1 0
0 1 0 1 0 0 0 1 0 1 0 1 0 1 0 0 0 0 0 1 0
0 1 0 1 1 1 1 1 0 1 0 1 0 1 1 1 1 1 1 1 0
0 1 0 0 0 1 2 0 0 1 0 1 0 1 0 0 0 0 0 0 0
0 1 1 1 0 1 1 1 1 1 0 1 0 1 1 1 1 1 1 1 0
0 0 0 1 0 0 0 0 0 1 0 1 0 0 0 0 0 0 0 1 0
0 1 0 1 1 1 1 1 0 1 0 1 1 1 1 1 1 1 0 1 0
3 1 0 0 0 0 0 0 0 0 0 1 0 0 0 0 0 0 0 0 0
%
16 16
4 1 2 1 0 0 0 0 0 1 0 0 0 0 0 1
0 1 0 1 0 1 0 1 0 1 0 1 1 1 0 1
0 1 0 0 0 1 0 1 0 0 0 1 0 0 0 1
0 1 1 1 1 1 0 1 1 1 1 1 0 1 1 1
0 1 0 0 0 1 0 0 0 1 5 0 0 0 0 1
0 1 0 1 0 1 0 1 0 1 1 1 1 1 0 1
0 0 0 1 0 1 0 1 0 0 0 1 3 0 0 1
1 1 1 1 0 1 0 1 1 1 0 1 1 1 1 1
0 0 0 0 0 1 0 0 0 1 0 0 0 0 0 1
0 1 1 1 1 1 1 1 1 1 1 1 1 1 0 1
0 0 0 0 0 0 0 0 0 0 0 0 0 0 0 1
1 1 1 1 1 1 1 1 1 1 1 1 1 1 0 1
0 0 0 0 0 0 0 0 0 0 0 0 0 1 0 1
0 1 1 1 1 1 1 1 1 1 0 1 1 1 0 1
0 0 0 0 0 0 0 0 0 1 0 0 0 0 0 1
1 1 1 1 1 1 1 1 1 1 1 1 1 1 1 1
%
15 15
3 0 0 1 0 0 0 1 0 0 0 0 0 0 0
1 1 0 1 0 1 0 1 0 1 1 1 0 1 0
2 1 0 1 5 1 0 0 0 0 0 1 0 1 0
0 1 0 1 1 1 1 1 1 1 1 1 0 1 1
0 1 0 0 0 0 0 0 0 0 0 1 0 0 0
0 1 1 1 1 1 1 1 1 1 0 1 1 1 0
0 1 0 0 0 0 0 0 0 1 0 0 0 1 0
0 1 0 1 1 1 1 1 0 1 1 1 0 1 0
0 0 0 1 0 0 0 1 0 0 0 0 0 1 0
0 1 1 1 0 1 0 1 1 1 1 1 1 1 0
0 0 0 0 0 1 0 1 0 0 0 0 0 1 0
1 1 1 1 1 1 0 1 1 1 0 1 0 1 0
0 0 0 0 0 1 0 0 0 0 0 1 0 1 0
0 1 1 1 0 1 1 1 1 1 1 1 0 1 0
0 0 4 1 0 0 0 0 0 0 0 0 0 0 0
%
18 18
0 1 5 0 0 0 0 0 0 1 4 1 0 0 0 0 0 1
0 1 1 1 0 1 1 1 0 1 0 1 0 1 1 1 0 1
0 0 0 0 0 1 0 0 0 1 0 1 0 0 0 1 0 1
1 1 1 1 1 1 0 1 1 1 0 1 1 1 0 1 0 1
3 1 0 0 0 1 0 1 0 0 0 0 0 0 0 1 0 1
0 1 0 1 0 1 0 1 1 1 1 1 0 1 1 1 0 1
0 0 0 1 0 1 0 0 0 0 0 1 0 0 0 1 0 1
0 1 1 1 0 1 1 1 1 1 0 1 1 1 0 1 0 1
0 0 0 1 0 0 0 1 0 0 0 1 0 0 0 1 0 1
1 1 0 1 1 1 0 1 0 1 1 1 1 1 0 1 0 1
0 1 0 1 0 1 0 0 0 1 0 0 0 1 0 1 0 1
0 1 0 1 0 1 1 1 1 1 0 1 0 1 1 1 0 1
0 1 0 0 0 1 0 0 0 0 0 1 0 0 0 1 0 1
0 1 1 1 0 1 0 1 1 1 1 1 1 1 0 1 0 1
0 0 2 1 0 1 0 0 0 0 0 1 0 1 0 1 0 1
0 1 1 1 0 1 1 1 1 1 0 1 0 1 0 1 0 1
0 0 0 0 0 0 0 0 0 0 0 1 0 0 0 0 0 1
1 1 1 1 1 1 1 1 1 1 1 1 1 1 1 1 1 1
%
19 19
0 1 0 0 0 0 0 1 0 0 0 0 0 0 0 0 0 1 5
0 1 0 1 1 1 0 1 0 1 1 1 1 1 1 1 0 1 0
0 0 0 1 0 1 0 1 0 0 0 1 0 0 0 1 0 0 0
1 1 1 1 0 1 0 1 0 1 0 1 0 1 0 1 1 1 0
0 0 0 0 0 1 0 1 0 1 0 0 0 1 0 1 3 1 0
1 1 0 1 0 1 0 1 1 1 1 1 1 1 0 1 0 1 0
0 0 0 1 0 1 0 0 0 0 0 0 0 0 0 1 0 1 0
0 1 1 1 0 1 1 1 1 1 1 1 1 1 1 1 0 1 0
0 0 0 1 0 0 0 0 0 0 0 0 0 0 0 0 0 1 0
1 1 0 1 1 1 1 1 1 1 1 1 1 1 0 1 1 1 0
0 0 0 1 2 0 0 0 0 0 0 1 0 0 0 1 0 0 0
0 1 1 1 1 1 0 1 0 1 1 1 0 1 1 1 0 1 1
0 1 0 0 0 1 0 1 0 0 0 1 0 1 0 1 0 0 0
0 1 0 1 0 1 0 1 1 1 0 1 0 1 0 1 1 1 0
0 1 0 1 0 1 0 0 4 1 0 0 0 0 0 0 0 1 0
0 1 0 1 0 1 1 1 1 1 1 1 1 1 1 1 0 1 0
0 0 0 1 0 0 0 1 0 0 0 0 0 1 0 0 0 1 0
0 1 1 1 1 1 0 1 0 1 1 1 0 1 1 1 1 1 0
0 0 0 0 0 1 0 0 0 0 0 1 0 0 0 0 0 0 0
%
23 23
0 0 0 0 0 1 0 0 0 1 0 0 0 0 0 1 0 0 0 0 0 0 0
1 1 1 1 0 1 0 1 0 1 0 1 1 1 0 1 0 1 1 1 0 1 0
0 1 0 0 0 1 0 1 0 1 4 1 0 0 0 1 0 1 0 0 0 1 0
0 1 0 1 1 1 0 1 0 1 1 1 0 1 0 1 0 1 0 1 1 1 1
0 1 0 0 0 0 0 1 0 0 0 1 0 1 0 1 0 1 0 0 0 0 0
0 1 1 1 1 1 1 1 1 1 0 1 0 1 0 1 0 1 1 1 1 1 0
0 0 0 0 0 0 0 1 0 0 0 1 0 1 0 1 0 1 2 0 0 1 0
1 1 1 1 0 1 0 1 0 1 1 1 0 1 0 1 0 1 1 1 0 1 0
0 0 0 0 0 1 0 1 0 1 0 0 0 1 0 1 0 0 0 0 0 1 0
0 1 1 1 1 1 1 1 0 1 0 1 1 1 1 1 1 1 1 1 0 1 0
0 1 0 0 0 0 0 0 0 1 0 1 0 0 0 0 0 0 0 0 0 1 0
0 1 0 1 1 1 1 1 1 1 0 1 0 1 1 1 1 1 1 1 1 1 0
0 1 0 1 0 0 0 0 0 0 0 1 0 0 0 0 0 1 0 0 0 1 0
0 1 0 1 1 1 0 1 1 1 1 1 1 1 1 1 0 1 1 1 0 1 0
0 1 0 1 0 0 0 1 0 0 0 1 0 0 0 0 0 1 0 0 0 1 0
0 1 0 1 0 1 1 1 0 1 0 1 0 1 1 1 1 1 0 1 0 1 0
0 1 0 1 0 0 0 0 0 1 0 1 0 1 0 0 0 0 0 1 0 1 0
0 1 0 1 1 1 1 1 1 1 0 1 0 1 0 1 0 1 1 1 1 1 0
0 1 0 1 0 0 0 0 0 1 0 0 0 0 0 1 3 1 0 0 0 0 0
0 1 0 1 0 1 1 1 0 1 1 1 0 1 1 1 1 1 0 1 1 1 0
0 1 0 0 0 1 0 1 0 0 0 1 0 1 0 0 0 0 0 1 0 0 0
0 1 1 1 1 1 0 1 1 1 0 1 1 1 0 1 1 1 1 1 0 1 1
0 0 0 0 0 0 0 0 0 0 0 0 0 0 0 1 0 0 0 0 0 0 5
%
25 16
0 0 0 1 0 0 0 1 0 0 0 0 0 0 0 1
1 1 0 1 0 1 0 1 1 1 0 1 0 1 0 1
0 1 0 0 0 1 0 0 0 1 0 1 0 1 0 1
0 1 1 1 1 1 1 1 0 1 0 1 0 1 0 1
0 0 0 1 0 0 0 0 0 1 0 1 0 1 0 1
0 1 1 1 0 1 1 1 1 1 0 1 0 1 0 1
0 0 0 0 0 1 4 0 0 0 0 1 0 1 0 1
0 1 1 1 1 1 1 1 1 1 1 1 0 1 0 1
0 0 0 0 0 0 0 0 0 0 0 0 0 1 0 1
1 1 1 1 1 1 1 1 1 1 1 1 1 1 0 1
0 0 0 1 0 0 0 0 0 0 5 1 0 0 0 1
0 1 0 1 0 1 1 1 1 1 1 1 0 1 1 1
0 1 0 0 0 1 0 0 0 0 0 0 0 1 0 1
0 1 1 1 1 1 0 1 1 1 1 1 1 1 0 1
0 0 0 0 0 1 0 0 0 0 0 0 0 0 0 1
1 1 1 1 0 1 1 1 1 1 1 1 1 1 0 1
0 0 0 0 0 1 0 1 0 0 0 0 0 0 0 1
0 1 1 1 0 1 0 1 0 1 1 1 1 1 1 1
0 1 0 0 0 0 0 1 0 0 0 1 2 0 0 1
0 1 1 1 1 1 1 1 1 1 0 1 1 1 0 1
0 1 0 0 0 0 0 0 0 1 0 0 0 0 0 1
0 1 0 1 1 1 1 1 0 1 1 1 1 1 0 1
0 1 0 1 0 0 0 1 0 0 0 0 0 0 0 1
0 1 0 1 1 1 0 1 1 1 1 1 1 1 1 1
0 0 0 0 0 0 0 0 0 0 0 0 0 0 3 1
%
21 15
0 0 0 1 0 0 0 0 0 1 0 0 0 1 0
1 1 0 1 1 1 0 1 0 1 0 1 0 1 0
0 1 0 0 0 0 0 1 0 0 0 1 0 1 0
0 1 1 1 1 1 1 1 1 1 1 1 0 1 0
0 1 0 0 0 0 0 0 0 0 0 1 0 1 0
0 1 0 1 0 1 1 1 1 1 1 1 0 1 0
0 1 0 1 0 0 0 0 0 1 0 0 0 1 0
0 1 0 1 1 1 1 1 0 1 0 1 1 1 0
0 1 0 0 0 1 2 1 0 0 0 1 0 0 0
0 1 1 1 0 1 0 1 1 1 1 1 0 1 0
0 0 0 1 0 0 0 1 0 0 0 0 0 1 4
0 1 1 1 1 1 0 1 1 1 0 1 0 1 1
0 0 0 0 0 1 0 0 0 1 0 1 0 0 0
0 1 1 1 0 1 1 1 0 1 1 1 1 1 0
5 1 0 0 0 1 0 0 0 1 0 0 0 0 0
1 1 0 1 0 1 0 1 1 1 0 1 1 1 0
0 0 0 1 0 1 0 0 0 0 0 1 0 0 0
0 1 1 1 0 1 1 1 1 1 1 1 0 1 1
0 1 3 0 0 1 0 0 0 1 0 0 0 1 0
0 1 1 1 1 1 0 1 0 1 0 1 1 1 0
0 0 0 0 0 0 0 1 0 0 0 0 0 0 0
%
16 25
4 0 0 1 0 0 0 0 0 0 0 0 0 1 0 0 0 0 0 1 0 0 0 0 0
1 1 0 1 1 1 0 1 1 1 0 1 0 1 0 1 0 1 0 1 1 1 1 1 0
0 1 0 0 0 1 0 1 0 0 0 1 0 1 0 1 0 1 0 0 0 0 0 0 0
0 1 1 1 0 1 1 1 0 1 1 1 0 1 0 1 0 1 1 1 1 1 1 1 0
0 0 0 1 0 0 0 0 0 1 0 0 0 1 2 1 0 0 0 0 0 1 0 0 0
0 1 0 1 1 1 1 1 1 1 0 1 1 1 1 1 1 1 1 1 0 1 0 1 1
0 1 0 1 0 0 0 0 3 1 0 1 0 0 0 0 0 0 0 0 0 1 0 1 5
0 1 0 1 0 1 1 1 1 1 0 1 0 1 1 1 1 1 1 1 1 1 0 1 0
0 1 0 0 0 1 0 0 0 1 0 0 0 1 0 0 0 1 0 0 0 0 0 1 0
0 1 1 1 1 1 0 1 0 1 1 1 1 1 0 1 0 1 0 1 1 1 1 1 0
0 0 0 1 0 0 0 1 0 0 0 0 0 1 0 1 0 1 0 0 0 1 0 0 0
1 1 0 1 0 1 1 1 0 1 0 1 1 1 0 1 0 1 1 1 0 1 0 1 1
0 0 0 1 0 1 0 0 0 1 0 1 0 0 0 1 0 0 0 0 0 1 0 0 0
0 1 1 1 0 1 0 1 1 1 1 1 0 1 1 1 1 1 1 1 1 1 1 1 0
0 0 0 0 0 1 0 0 0 0 0 0 0 0 0 0 0 0 0 0 0 0 0 0 0
1 1 1 1 1 1 1 1 1 1 1 1 1 1 1 1 1 1 1 1 1 1 1 1 1
%
25 18
0 1 0 0 0 0 0 1 0 0 0 0 0 1 0 0 0 1
0 1 0 1 1 1 0 1 0 1 0 1 0 1 0 1 0 1
0 0 0 1 0 1 0 1 0 1 0 1 0 1 0 1 0 1
1 1 1 1 0 1 0 1 0 1 0 1 1 1 0 1 0 1
0 1 0 0 0 0 0 1 0 1 0 1 0 0 0 1 0 1
0 1 0 1 1 1 1 1 0 1 0 1 0 1 1 1 0 1
0 1 0 0 0 0 0 1 3 1 0 0 0 1 0 0 0 1
0 1 1 1 1 1 0 1 1 1 1 1 1 1 0 1 0 1
0 0 0 1 0 0 0 1 0 0 0 1 0 0 0 1 0 1
0 1 0 1 0 1 1 1 0 1 0 1 0 1 1 1 0 1
0 1 0 0 0 1 0 0 0 1 0 0 0 1 0 1 0 1
0 1 1 1 1 1 0 1 1 1 1 1 1 1 0 1 0 1
0 1 0 0 0 0 0 0 0 0 0 0 0 1 0 0 0 1
0 1 1 1 0 1 1 1 1 1 1 1 0 1 1 1 1 1
0 0 0 1 0 1 0 0 0 0 0 1 0 1 0 0 0 1
1 1 0 1 0 1 1 1 0 1 0 1 0 1 0 1 0 1
0 1 0 1 0 0 0 0 0 1 0 1 0 0 0 1 0 1
0 1 0 1 1 1 1 1 1 1 0 1 1 1 1 1 0 1
0 0 0 1 4 0 0 0 0 0 0 1 0 1 0 0 0 1
0 1 1 1 1 1 1 1 1 1 0 1 0 1 0 1 1 1
0 1 0 0 0 0 0 0 0 1 0 0 0 1 0 0 0 1
0 1 0 1 1 1 1 1 0 1 1 1 0 1 1 1 0 1
0 1 0 1 0 0 0 1 0 0 0 1 0 1 0 0 0 1
0 1 0 1 0 1 0 1 1 1 0 1 1 1 0 1 0 1
0 0 0 1 5 1 0 0 0 0 0 0 0 0 0 1 2 1
%
20 15
0 1 5 1 0 0 0 1 0 0 0 0 0 0 0
0 1 0 1 0 1 0 1 0 1 1 1 1 1 0
0 1 0 1 0 1 0 0 0 1 0 0 0 1 0
0 1 0 1 0 1 1 1 1 1 0 1 0 1 0
0 1 0 1 0 0 0 0 4 1 0 1 0 0 0
0 1 0 1 1 1 0 1 1 1 0 1 1 1 0
0 1 0 0 0 1 0 1 0 0 0 1 2 1 0
0 1 1 1 0 1 0 1 0 1 1 1 0 1 0
0 0 0 1 0 0 0 1 0 0 0 1 0 0 0
1 1 0 1 1 1 0 1 1 1 0 1 0 1 1
0 1 0 0 0 1 0 1 0 1 0 1 0 0 0
0 1 1 1 0 1 0 1 0 1 0 1 1 1 1
0 0 0 1 0 1 0 0 0 1 0 0 0 0 0
0 1 0 1 0 1 1 1 0 1 1 1 1 1 0
0 1 0 1 0 0 0 1 0 0 0 0 0 1 0
0 1 0 1 1 1 0 1 1 1 1 1 0 1 0
0 1 0 1 0 0 0 1 0 0 0 1 3 1 0
0 1 0 1 0 1 1 1 0 1 0 1 1 1 0
0 1 0 0 0 0 0 0 0 1 0 0 0 0 0
1 1 1 1 1 1 1 1 1 1 1 1 1 1 1
%
15 23
4 1 0 0 0 0 0 0 0 0 0 0 0 0 0 0 0 0 0 1 0 0 0
0 1 0 1 0 1 1 1 1 1 0 1 1 1 1 1 1 1 0 1 0 1 0
0 1 0 1 0 1 0 0 0 1 0 1 0 0 0 0 0 1 0 1 0 1 0
0 1 0 1 0 1 0 1 0 1 1 1 0 1 1 1 0 1 0 1 1 1 0
0 1 0 1 0 0 0 1 0 1 0 0 0 0 0 1 0 1 0 1 0 0 0
0 1 1 1 0 1 1 1 0 1 0 1 1 1 1 1 0 1 0 1 0 1 1
0 0 0 1 0 0 0 1 0 0 0 0 0 1 0 0 0 1 0 1 0 0 0
1 1 0 1 1 1 1 1 0 1 1 1 1 1 0 1 1 1 0 1 1 1 0
0 1 0 0 0 0 0 1 0 0 0 1 0 0 0 1 0 1 0 0 0 0 0
0 1 1 1 1 1 0 1 1 1 1 1 0 1 1 1 0 1 1 1 1 1 0
0 0 0 0 0 1 0 0 0 0 0 1 0 1 3 1 0 0 0 1 0 0 0
0 1 0 1 0 1 1 1 1 1 0 1 0 1 0 1 0 1 0 1 0 1 1
0 1 0 1 0 0 2 1 0 0 0 1 0 1 0 1 0 1 0 1 0 1 5
0 1 0 1 1 1 1 1 0 1 1 1 0 1 0 1 0 1 0 1 0 1 0
0 1 0 0 0 0 0 0 0 0 0 0 0 1 0 0 0 1 0 0 0 0 0
%
18 15
0 1 0 0 0 0 0 0 0 0 0 0 0 0 0
0 1 0 1 1 1 1 1 1 1 1 1 1 1 0
0 1 0 0 0 1 2 1 0 0 0 1 0 0 0
0 1 1 1 0 1 0 1 0 1 0 1 0 1 1
0 1 0 0 0 1 0 1 0 1 0 1 0 0 0
0 1 0 1 1 1 0 1 0 1 0 1 0 1 0
0 1 0 0 0 0 0 1 0 1 0 1 5 1 0
0 1 0 1 1 1 1 1 0 1 0 1 1 1 0
0 1 0 1 0 0 0 0 0 1 0 0 0 0 0
0 1 1 1 0 1 1 1 1 1 1 1 1 1 0
0 0 0 1 0 0 0 1 0 0 0 0 0 1 0
1 1 0 1 1 1 0 1 0 1 0 1 0 1 0
3 1 0 0 0 0 0 1 0 1 0 1 0 1 0
0 1 1 1 1 1 1 1 1 1 0 1 1 1 0
0 0 0 0 0 0 0 0 0 0 0 1 0 0 0
0 1 1 1 0 1 1 1 1 1 1 1 0 1 1
0 0 0 1 0 0 0 0 0 0 0 0 0 0 4
1 1 1 1 1 1 1 1 1 1 1 1 1 1 1
%

